gpu=NVIDIA GeForce RTX 3080 cc=8.6 iters=300
K=40 rows=257 rpc=16 nblk=40 base_bytes=287840 direct_bytes=349520 base_us=5.569493 range=[5.567040,5.577387] direct_us=6.167893 range=[6.164480,6.181547] delta_pct=10.744 mismatches=0
  samples_base_us=5.573973,5.567146,5.569173,5.569600,5.570560,5.567146,5.569493,5.570560,5.567146,5.568000,5.569386,5.569386,5.567040,5.570454,5.567146,5.569280,5.576427,5.577387,5.576533,5.573973,
  samples_direct_us=6.181547,6.167893,6.167573,6.167573,6.167467,6.170560,6.167893,6.167893,6.164480,6.167040,6.167893,6.167787,6.166826,6.167893,6.167893,6.167893,6.167893,6.176960,6.178133,6.174720,
K=40 rows=1025 rpc=16 nblk=40 base_bytes=1148000 direct_bytes=1394000 base_us=6.543360 range=[6.533120,6.570667] direct_us=7.116800 range=[7.109973,7.123627] delta_pct=8.764 mismatches=0
  samples_base_us=6.546773,6.543360,6.533120,6.539947,6.539947,6.539307,6.538560,6.546560,6.543040,6.533120,6.549120,6.570667,6.542720,6.543253,6.543360,6.547520,6.550293,6.549653,6.543360,6.546560,
  samples_direct_us=7.123627,7.116693,7.116800,7.116800,7.115626,7.116800,7.116800,7.113387,7.116800,7.123627,7.118720,7.120214,7.120214,7.111894,7.116267,7.112106,7.109973,7.113387,7.109973,7.109973,
K=40 rows=4099 rpc=16 nblk=40 base_bytes=4590880 direct_bytes=5574640 base_us=8.649386 range=[8.417279,8.699627] direct_us=10.601813 range=[10.317014,10.683734] delta_pct=22.573 mismatches=0
  samples_base_us=8.437760,8.417279,8.430934,8.423467,8.435307,8.429866,8.602134,8.594666,8.601601,8.590080,8.686613,8.686400,8.690347,8.683520,8.699627,8.683520,8.678933,8.654933,8.659094,8.649386,
  samples_direct_us=10.341440,10.338560,10.468694,10.478720,10.389440,10.317014,10.502827,10.512960,10.526719,10.557440,10.683734,10.628481,10.643734,10.629120,10.635947,10.671467,10.639360,10.607574,10.614186,10.601813,
K=136 rows=257 rpc=16 nblk=136 base_bytes=978656 direct_bytes=1188368 base_us=20.179413 range=[20.163307,20.332586] direct_us=26.248533 range=[26.240746,26.534826] delta_pct=30.076 mismatches=0
  samples_base_us=20.332586,20.179626,20.163307,20.165972,20.172798,20.179626,20.169067,20.179626,20.183041,20.179626,20.176212,20.174719,20.183041,20.169281,20.182934,20.179626,20.169386,20.172798,20.171946,20.179413,
  samples_direct_us=26.534826,26.244160,26.254721,26.248533,26.251625,26.243628,26.247894,26.262186,26.240746,26.258451,26.264959,26.245121,26.248001,26.248533,26.248533,26.244053,26.248533,26.255360,26.258774,26.251625,
K=136 rows=1025 rpc=16 nblk=136 base_bytes=3903200 direct_bytes=4739600 base_us=22.014933 range=[21.997868,22.027306] direct_us=27.863043 range=[27.851200,27.887362] delta_pct=26.564 mismatches=0
  samples_base_us=22.027306,22.025387,22.025280,22.016001,22.012587,22.014612,22.016001,22.004587,22.023148,21.997868,22.016001,22.002346,22.015680,22.005758,22.014933,22.005758,22.022827,22.004374,22.007895,22.005335,
  samples_direct_us=27.882881,27.887362,27.871788,27.880318,27.865814,27.876692,27.872427,27.856215,27.861652,27.873281,27.859629,27.862400,27.859629,27.863043,27.851200,27.865387,27.859629,27.860479,27.861652,27.857065,
K=136 rows=4099 rpc=16 nblk=136 base_bytes=15608992 direct_bytes=18953776 base_us=37.576962 range=[36.887894,37.741436] direct_us=73.460693 range=[71.306770,74.086395] delta_pct=95.494 mismatches=0
  samples_base_us=36.887894,37.246296,37.415466,37.274349,37.434025,37.464745,37.570557,37.682560,37.594452,37.584213,37.717331,37.741436,37.485226,37.642345,37.710724,37.576962,37.649067,37.446724,37.556904,37.713814,
  samples_direct_us=71.306770,72.922455,72.922455,72.168114,72.564911,73.973763,73.232750,73.590401,73.069229,73.550400,73.475410,73.306984,73.328644,73.651840,73.460693,73.547096,73.573875,74.086395,73.212471,73.573227,
