gpu=NVIDIA GeForce RTX 3080 cc=8.6 iters=300
K=40 rows=257 rpc=16 nblk=40 base_bytes=287840 direct_bytes=349520 base_us=5.560107 range=[5.553493,5.572693] direct_us=6.146240 range=[6.140586,6.192214] delta_pct=10.542 mismatches=0
  samples_base_us=5.566826,5.572693,5.560000,5.562880,5.563733,5.563413,5.560213,5.556907,5.556907,5.560107,5.556907,5.563733,5.556907,5.559147,5.555413,5.553493,5.556907,5.560320,5.556907,5.560320,
  samples_direct_us=6.192214,6.177707,6.171307,6.144000,6.147413,6.146240,6.140586,6.147413,6.146560,6.144000,6.143253,6.143574,6.144000,6.140586,6.143253,6.146560,6.147094,6.154240,6.144000,6.143786,
K=40 rows=1025 rpc=16 nblk=40 base_bytes=1148000 direct_bytes=1394000 base_us=6.532373 range=[6.017707,6.536533] direct_us=7.164587 range=[6.604587,7.188480] delta_pct=9.678 mismatches=0
  samples_base_us=6.536107,6.529706,6.533120,6.529706,6.536533,6.533120,6.526293,6.529387,6.532373,6.532907,6.529706,6.533120,6.529706,6.535254,6.532693,6.533013,6.021120,6.027946,6.023147,6.017707,
  samples_direct_us=7.178027,7.171413,7.169493,7.171413,7.167893,7.168000,7.164587,7.170667,7.188480,7.168000,7.164587,7.164587,7.164373,7.161173,7.164587,6.659307,6.604800,6.606827,6.611413,6.604587,
K=40 rows=4099 rpc=16 nblk=40 base_bytes=4590880 direct_bytes=5574640 base_us=8.584001 range=[8.423894,8.668694] direct_us=10.571094 range=[10.338453,10.710187] delta_pct=23.149 mismatches=0
  samples_base_us=8.434773,8.430934,8.434347,8.427520,8.423894,8.559680,8.580800,8.579840,8.581120,8.584001,8.584427,8.574293,8.668694,8.659626,8.663039,8.656213,8.654720,8.649386,8.652800,8.652800,
  samples_direct_us=10.378986,10.342401,10.444800,10.346347,10.338453,10.540374,10.526719,10.512426,10.571094,10.584534,10.491200,10.608640,10.632534,10.574507,10.580053,10.673493,10.581333,10.567680,10.608640,10.710187,
K=136 rows=257 rpc=16 nblk=136 base_bytes=978656 direct_bytes=1188368 base_us=20.241066 range=[20.234240,20.305920] direct_us=26.309973 range=[26.296213,26.469334] delta_pct=29.983 mismatches=0
  samples_base_us=20.246826,20.237654,20.234240,20.241066,20.237654,20.244053,20.246399,20.242241,20.241066,20.240000,20.241066,20.240320,20.247358,20.234240,20.241066,20.234240,20.237654,20.241066,20.305920,20.241066,
  samples_direct_us=26.469334,26.309973,26.313387,26.313387,26.313387,26.302614,26.319893,26.299307,26.301975,26.306133,26.309654,26.313278,26.296320,26.309973,26.298134,26.313278,26.296320,26.316799,26.296213,26.306559,
K=136 rows=1025 rpc=16 nblk=136 base_bytes=3903200 direct_bytes=4739600 base_us=22.042238 range=[22.018879,22.063786] direct_us=27.957335 range=[27.938133,28.001919] delta_pct=26.835 mismatches=0
  samples_base_us=22.063042,22.060053,22.063786,22.056959,22.045441,22.026241,22.046721,22.036480,22.042238,22.033068,22.056959,22.029654,22.039040,22.033068,22.043306,22.018879,22.045652,22.036800,22.038292,22.021973,
  samples_direct_us=27.991358,28.001919,27.978987,27.988266,27.968426,27.948267,27.957335,27.960642,27.941547,27.954559,27.951040,27.957335,27.938133,27.957548,27.946131,27.951788,27.948374,27.965441,27.948374,27.941547,
K=136 rows=4099 rpc=16 nblk=136 base_bytes=15608992 direct_bytes=18953776 base_us=37.614933 range=[37.082451,37.874027] direct_us=73.481598 range=[71.620911,74.113174] delta_pct=95.352 mismatches=0
  samples_base_us=37.082451,37.276371,37.874027,37.836800,37.597759,37.459946,37.614933,37.778774,37.785172,37.594452,37.545921,37.384960,37.579521,37.829330,37.850456,37.661652,37.539200,37.461338,37.627415,37.778774,
  samples_direct_us=71.620911,72.837982,73.233063,74.113174,73.301338,73.669975,73.004372,73.704109,73.553177,72.775681,72.706558,73.714348,73.028267,73.686081,73.481598,73.669975,73.287682,73.857597,73.092163,73.604057,
